123
-444147709
7999032
7995392
7999040
2685836
2685864
1990897913
7995392
50397186
0
788529199
1996038454
-444147661
7999008
7995392
7999016
2686232
4306097
1
2685872
83886085
27
788529199
1994009799
788529199
0
-788528429
-1959399317
0
68
1991938128
7999032
788529199
1
0
0
788529199
-42
7995392
0
0
128
2685928
7999008
5
1
4718592
2686924
1994121216
0
7999016
5
31075330
7999768
7996000
7999760
8
0
0
788529199
2685952
8
5
8
19463324
8
7996000
7996000
24776232
8
7999020
2686396
2686216
1996387040
-1822998877
-2
2686156
1996036714
0
7999016
7999016
7999016
0
2686156
2686156
4489374
4779680
4776864
2686552
4306097
1
7999016
0
0
4072
7996800
7999256
4327996
7996800
7996800
0
0
2686412
0
7999256
4342629
4775432
2686492
0
4312202
0
0
0
4774144
4775432
6
4775432
4749516
2686412
0
2686552
4749516
0
4775432
4774144
4715729
0
6
4775432
4749516
4774144
4749516
16
8002440
1
2686388
1990930852
7995392
0
1990930863
574157411
16
8002440
1996013964
1996067847
-1
36
2686368
20
8002440
1967429092
2686452
1990930852
7995392
0
1990930863
574157347
20
8002440
1996013964
1996067847
-1
36
2686432
4
0
1967429092
2686448
1990934777
8002464
0
4250720
0
2686472
1990900197
1991600200
2686536
1990914990
8
1990935032
1990934842
574157215
0
7998744
0
4250720
2686492
4715856
2686924
1991012896
1421561495
-2
1990934842
4248909
4250720
2
2686584
4201799
4201738
