123
1832865693
3739192
3735552
3739200
2685836
2685864
1990897913
3735552
50397186
0
788529199
1996038454
1832865709
3739168
3735552
3739176
2686232
4306097
1
2685872
83886085
27
788529199
1994009799
788529199
0
-788528429
-683172165
0
68
1991938128
3739192
788529199
1
0
0
788529199
-42
3735552
0
0
128
2685928
3739168
5
1
4718592
2686924
1994121216
0
3739176
5
31075330
3739928
3736160
3739920
8
0
0
788529199
2685952
8
5
8
19463324
8
3736160
3736160
20516392
8
3739180
2686396
2686216
1996387040
468625725
-2
2686156
1996036714
0
3739176
3739176
3739176
0
2686156
2686156
4489374
4779680
4776864
2686552
4306097
1
3739176
0
32
5920
3736960
3739416
4327996
3736960
3736960
0
0
2686412
0
3739416
4342629
4775432
2686492
0
4312202
0
0
0
4774144
4775432
6
4775432
4749516
2686412
32
2686552
4749516
0
4775432
4774144
4715729
0
6
4775432
4749516
4774144
4749516
16
3742600
1
2686388
1990930852
3735552
0
1990930863
927122491
16
3742600
1996013964
1996067847
-1
36
2686368
20
3742600
2049194662
2686452
1990930852
3735552
0
1990930863
927122555
20
3742600
1996013964
1996067847
-1
36
2686432
4
0
2049194662
2686448
1990934777
3742624
32
4250720
0
2686472
1990900197
1991600200
2686536
1990914990
8
1990935032
1990934842
927123399
32
3738904
0
4250720
2686492
4715856
2686924
1991012896
1103198415
-2
1990934842
4248909
4250720
0
2686584
4201799
4201738
